0.249267
0.181645
0.459277
0.893034
0.0491123
0.512413
0.898686
0.857457
0.82029
0.0138227
0.422337
0.854049
0.779238
0.402564
0.76873
0.032997
0.154344
0.200233
0.332367
0.954126
0.76209
0.497725
0.321589
0.779433
0.541693
0.302985
0.706189
0.760148
0.228311
0.551547
0.321457
0.00811715
0.375729
0.826666
0.89482
0.122716
0.415221
0.3379
0.794218
0.538135
0.784947
0.433155
0.811036
0.641294
0.331241
0.134468
0.202379
0.774415
0.256716
0.780411
0.608012
0.600002
0.628059
0.396199
0.946953
0.207846
0.0188021
0.686725
0.827036
0.562415
0.164578
0.47613
0.39834
0.987024
0.743223
0.240186
0.895121
0.259409
0.221916
0.460719
0.0153131
0.0986064
0.494999
0.559296
0.316624
0.904293
0.107289
0.742735
0.493787
0.495583
0.0875647
0.130154
0.682352
0.852637
0.84552
0.636898
0.293426
0.729023
0.363286
0.294449
0.512085
0.711012
0.751202
0.399245
0.258421
0.0888815
0.142152
0.907408
0.522711
0.394711
0.181133
0.655256
0.954256
0.503198
0.398772
0.172687
0.00650431
0.542036
0.273605
0.154597
0.502446
0.779648
0.0546901
0.516256
0.625916
0.454647
0.349357
0.102109
0.909593
0.147969
0.462863
0.0578388
0.220819
0.368241
0.795766
0.4691
0.812946
0.171655
0.917741
0.269771
0.322786
0.738363
0.432888
0.887807
0.662707
0.426125
0.700943
0.95775
0.753268
0.535006
0.519312
0.0501872
0.806646
0.409653
0.525849
0.0738408
0.00591543
0.778624
0.892338
0.798329
0.971186
0.228687
0.437808
0.879469
0.0257371
0.795771
0.839892
0.213208
0.180135
0.844463
0.365798
0.67899
0.492436
0.257708
0.198134
0.60333
0.161114
0.323454
0.611272
0.0508426
0.986645
0.422137
0.869472
0.315992
0.0882735
0.970655
0.851526
0.798483
0.0724956
0.315736
0.161577
0.0683312
0.725947
0.934522
0.858894
0.98503
0.566339
0.14408
0.314008
0.913876
0.915667
0.0119912
0.950773
0.00312182
0.480376
0.317284
0.414352
0.602307
0.159237
0.0925733
0.436887
0.247574
0.279697
0.181445
0.0102519
0.794178
0.980715
0.288606
0.0229751
0.443499
0.166437
0.379316
0.596378
0.251092
0.924864
0.585767
0.62401
0.923885
0.596214
0.660636
0.525652
0.742979
0.200302
0.505784
0.235347
0.728914
0.719982
0.543194
0.197415
0.619625
0.568686
0.126338
0.00764408
0.684265
0.934994
0.734551
0.0846404
0.545917
0.467865
0.594821
0.525493
0.182552
0.623983
0.0999816
0.421877
0.0832772
0.221531
0.922101
0.471562
0.15953
0.784065
0.67426
0.304384
0.215859
0.909856
0.563325
0.535306
0.0403513
0.505907
0.775676
0.61833
0.640839
0.0223379
0.43296
0.0480773
0.943707
0.0691517
0.624544
0.840278
0.374625
0.774321
0.52357
0.499351
0.082973
0.878705
0.970226
0.899344
0.824743
0.428788
0.328007
0.765409
0.0790229
0.150874
0.189882
0.367399
0.867095
0.467104
0.560894
0.622939
0.715397
0.0170466
0.105445
0.14717
0.745093
0.0731934
0.581657
0.396749
0.619727
0.101876
0.459882
0.983237
0.817102
0.676807
0.128849
0.483103
0.0796443
0.579653
0.68141
0.330137
0.571264
0.416243
0.614133
0.709378
0.920071
0.142534
0.878657
0.783342
0.774908
0.664062
0.983472
0.187828
0.961287
0.0816423
0.16115
0.923822
0.161954
0.344608
0.36005
0.926867
0.376283
0.357937
0.748332
0.803954
0.604906
0.0642223
0.423887
0.718838
0.380362
0.00196121
0.947911
0.473665
0.561364
0.659567
0.791121
0.228436
0.97258
0.0426683
0.66935
0.563978
0.693908
0.836028
0.912395
0.493735
0.189347
0.827321
0.562295
0.403279
0.235637
0.479149
0.459284
0.394016
0.787338
0.455192
0.355178
0.342757
0.412311
0.470338
0.107615
0.906917
0.196097
0.754326
0.541567
0.600424
0.463618
0.775243
0.00623108
0.200959
0.972546
0.754957
0.884113
0.333491
0.516316
0.385254
0.129519
0.329647
0.440355
0.866008
0.122017
0.0749906
0.267293
0.363337
0.835945
0.825525
0.695267
0.524459
0.134348
0.87707
0.445194
0.757531
0.592038
0.725548
0.883967
0.00786817
0.571258
0.512715
0.799551
0.219353
0.927794
0.770747
0.387996
0.510239
0.661898
0.408969
0.250025
0.825512
0.104107
0.521289
0.864362
0.238121
0.54975
0.644366
0.482435
0.434043
0.626114
0.341451
0.948492
0.536616
0.590157
0.413799
0.578658
0.840169
0.365294
0.628482
0.684843
0.761451
0.253126
0.0308165
0.566841
0.48851
0.466446
0.568534
0.138638
0.789626
0.103648
0.193585
0.106425
0.584214
0.670704
0.960505
0.571362
0.769502
0.911465
0.883827
0.581215
0.0158518
0.685839
0.519301
0.869256
0.949572
0.947186
0.150995
0.807849
0.0528922
0.827485
0.595732
0.47636
0.332485
0.717356
0.986339
0.00153887
0.535108
0.247896
0.845604
0.107696
0.485227
0.076977
0.618811
0.852157
0.434567
0.0576673
0.111033
0.0496179
0.309093
0.0276758
0.719377
0.411211
0.423532
0.724218
0.169487
0.0497382
0.86124
0.30291
0.650511
0.169312
0.567921
0.517133
0.87281
0.913171
0.266966
0.451049
0.280507
0.839663
0.806552
0.248015
0.878958
0.741177
0.13127
0.235733
0.359884
0.332576
0.129662
0.908425
0.369417
0.431702
0.525807
0.979529
0.020311
0.0147989
0.246332
0.333889
0.16568
0.556097
0.340461
0.671296
0.875189
0.110912
0.412246
0.965206
0.220943
0.179458
0.0018361
0.155868
0.276541
0.754872
0.669416
0.462624
0.841741
0.57893
0.0117897
0.840794
0.0304947
0.152082
0.240192
0.557295
0.529233
0.770203
0.0931129
0.665184
0.539005
0.753485
0.32815
0.620496
0.753781
0.822677
0.396367
0.437224
0.587387
0.658736
0.0427801
0.440974
0.520001
0.879025
0.997683
0.179465
0.163768
0.424674
0.97054
0.164018
0.578312
0.534355
0.92374
0.0952386
0.887869
0.667231
0.328859
0.434039
0.892286
0.545913
0.878466
0.659177
0.906608
0.564361
0.989608
0.335547
0.360966
0.0680549
0.09323
0.0811067
0.531482
0.558736
0.649769
0.742494
0.682888
0.667795
0.137382
0.898705
0.678002
0.971689
0.040163
0.0456707
0.564537
0.00882807
0.666512
0.726391
0.434229
0.0100688
0.910666
0.426613
0.6719
0.995537
0.474599
0.348275
0.829879
0.636677
0.117846
0.0796127
0.614345
0.380011
0.592074
0.671603
0.567212
0.985234
0.508193
0.932343
0.82541
0.222284
0.863028
0.646044
0.473964
0.59932
0.515983
0.493051
0.846865
0.504467
0.947689
0.0330943
0.166439
0.290752
0.133011
0.104178
0.575103
0.525713
0.279429
0.523277
0.827243
0.938497
0.031611
0.604018
0.0112125
0.498204
0.675163
0.363776
0.50921
0.970015
0.610984
0.860636
0.154981
0.280988
0.276161
0.380168
0.0200611
0.266174
0.551216
0.293839
0.408502
0.0518127
0.635043
0.432122
0.175266
0.271166
0.530205
0.677142
0.840551
0.280903
0.558355
0.335768
0.815778
0.21111
0.412126
0.728282
0.368384
0.628088
0.201211
0.68821
0.551673
0.0722972
0.0816923
0.142894
0.412594
0.683514
0.936664
0.148022
0.573659
0.547414
0.244985
0.548285
0.812644
0.374338
0.943702
0.498965
0.753394
0.564222
0.497841
0.363452
0.748986
0.412608
0.304383
0.995719
0.0342085
0.519305
0.739997
0.376434
0.201091
0.284317
0.73675
0.84829
0.753828
0.853465
0.228659
0.611926
0.264407
0.965078
0.289602
0.07994
0.81649
0.0763782
0.862804
0.805389
0.659019
0.390848
0.0527167
0.847605
0.793155
0.0382417
0.231797
0.346353
0.0275294
0.120096
0.460682
0.760382
0.794946
0.39717
0.726366
0.512782
0.944078
0.840459
0.156325
0.191255
0.6203
0.454177
0.118879
0.608002
0.818153
0.143802
0.47885
0.166371
0.796537
0.648043
0.450128
0.415103
0.31084
0.65258
0.993941
0.0464417
0.145339
0.449726
0.248845
0.822276
0.371861
0.617027
0.220816
0.771974
0.733673
0.308079
0.0565062
0.260235
0.75292
0.542791
0.436848
0.404776
0.435797
0.209161
0.954048
0.141402
0.328156
0.91911
0.430567
0.0782984
0.269074
0.199359
0.0674904
0.705556
0.555509
0.507315
0.530605
0.728829
0.484874
0.00247298
0.754568
0.211614
0.178754
0.896431
0.905966
0.82256
0.971885
0.561649
0.531176
0.617641
0.0704873
0.119509
0.918958
0.249629
0.590234
0.325717
0.119406
0.140376
0.374748
0.771519
0.588937
0.13227
0.395742
0.134752
0.186093
0.327412
0.948335
0.540683
0.451467
0.245588
0.367937
0.447017
0.531602
0.087887
0.0350346
0.968313
0.793654
0.662666
0.090001
0.35953
0.131836
0.260514
0.270602
0.898736
0.0488314
0.453565
0.13378
0.702746
0.918087
0.0520188
0.210402
0.316581
0.243314
0.604495
0.354154
0.246125
0.183819
0.0525631
0.483762
0.0290373
0.2592
0.348236
0.0713276
0.966879
0.735645
0.594561
0.482793
0.949309
0.138095
0.245493
0.840747
0.297867
0.291319
0.0677758
0.866812
0.953642
0.0827537
0.486967
0.605859
0.414273
0.897287
0.830066
0.925567
0.652618
0.63398
0.0796226
0.100199
0.146257
0.628549
0.493504
0.598671
0.74017
0.371893
0.339456
0.991725
0.42443
0.101909
0.24612
0.751501
0.201889
0.23263
0.327933
0.0768935
0.534356
0.724196
0.561697
0.704724
0.308891
0.160863
0.138993
0.949733
0.72338
0.586088
0.742939
0.0878456
0.586035
0.695133
0.298409
0.103087
0.0271413
0.934943
0.755536
0.533246
0.175544
0.162304
0.240827
0.528477
0.882472
0.229666
0.715547
0.502247
0.962525
0.672735
0.474991
0.138159
0.589357
0.836823
0.151551
0.156688
0.753855
0.108304
0.475601
0.160189
0.759099
0.465441
0.302508
0.418152
0.115396
0.674079
0.727298
0.0862713
0.258778
0.387623
0.69557
0.846839
0.803933
0.727489
0.592004
0.0875072
0.0970527
0.330455
0.164057
0.951757
0.241
0.190493
0.472793
0.022013
0.230157
0.236609
0.532108
0.637059
0.224451
0.770899
0.391118
0.988376
0.151266
0.00400369
0.745588
0.543656
0.304241
0.629311
0.812286
0.970156
0.539751
0.21432
0.0409315
0.624969
0.791499
0.844944
0.868937
0.194778
0.120747
0.745202
0.935036
0.505746
0.714106
0.47355
0.400888
0.367703
0.856022
0.586012
0.418621
